1902	3.72	28.32	7.04	4.62	2.06	0.00	M	M	M	5.94	7.59	5.52	M
1903	10.51	4.00	12.39	0.31	0.00	T	0.00	0.00	M	1.74	14.61	4.11	M
1904	2.05	M	22.37	2.44	M	M	M	M	5.57	6.57	3.88	4.98	M
1905	8.77	7.22	8.22	1.61	3.51	M	0.00	M	0.08	T	M	3.95	M
1906	16.39	11.14	M	1.06	7.47	2.00	M	M	M	T	2.57	11.06	M
1907	M	4.36	19.11	2.08	M	1.65	M	M	0.11	2.01	M	M	M
1908	8.60	8.96	2.08	M	1.39	0.28	M	M	M	M	4.26	5.35	M
1909	31.42	16.39	5.63	M	M	M	M	M	2.41	3.13	3.03	13.79	M
1910	M	5.49	6.03	0.76	M	M	M	M	0.70	M	1.12	M	M
1911	M	6.78	M	4.90	1.52	M	M	M	0.03	0.10	1.86	4.07	M
1912	6.83	1.76	7.31	M	M	M	M	M	4.24	1.07	7.31	1.89	M
1913	12.57	1.16	3.75	1.01	1.21	T	0.19	0.02	M	0.00	M	18.96	M
1914	21.64	8.12	1.63	2.60	0.83	T	0.00	0.00	0.51	3.32	0.42	9.19	48.26
1915	16.91	M	5.31	M	9.70	M	M	M	M	0.34	1.14	12.09	M
1916	26.80	7.94	3.08	M	0.20	M	M	0.45	1.56	1.08	M	9.93	M
1917	M	11.02	M	M	0.03	M	M	M	M	0.04	M	3.48	M
1918	M	M	4.03	M	M	M	0.00	0.00	M	0.90	9.23	4.57	M
1919	6.72	20.81	6.18	0.28	M	M	M	M	M	M	M	11.35	M
1920	M	1.82	5.18	6.07	M	M	M	M	M	3.44	M	11.37	M
1921	M	2.43	M	0.89	0.70	M	M	M	M	M	M	M	M
1922	M	9.10	M	M	M	M	0.00	M	M	M	M	M	M
1923	M	M	M	M	M	M	M	M	M	0.47	M	4.18	M
1924	6.77	M	2.22	M	M	M	0.00	M	0.00	6.51	5.82	11.73	M
1925	M	M	4.61	2.55	M	M	M	M	1.25	M	M	1.74	M
1926	M	13.22	0.44	8.13	0.33	0.00	0.00	0.08	0.00	3.97	20.38	2.60	M
1927	11.79	14.12	3.76	4.69	M	0.50	T	0.00	T	2.65	7.08	5.98	M
1928	7.18	4.32	10.98	2.90	M	0.00	0.00	0.00	T	0.22	6.46	8.99	M
1929	1.38	4.70	3.28	2.97	0.00	1.75	0.00	0.00	0.00	T	0.00	11.52	25.60
1930	M	6.13	5.59	1.78	0.31	0.00	0.00	0.00	0.41	1.20	3.98	1.46	M
1931	11.02	2.18	3.98	0.49	1.23	0.49	0.00	0.00	0.00	3.53	4.07	18.30	45.29
1932	4.71	3.76	2.17	1.98	3.22	0.00	0.00	0.00	0.00	0.00	0.91	6.42	23.17
1933	12.36	1.63	6.92	0.05	2.42	0.00	0.00	0.00	T	6.44	0.00	9.39	39.21
1934	1.83	10.07	0.28	0.71	1.08	0.93	0.00	0.00	0.26	2.04	8.41	4.66	30.27
1935	13.06	3.75	7.31	8.90	0.02	0.00	0.00	0.23	T	1.50	3.08	6.67	44.52
1936	13.17	17.08	2.04	2.89	0.91	0.96	0.00	T	0.00	0.30	0.02	6.19	43.56
1937	9.27	13.44	9.71	1.91	0.33	1.87	0.00	0.00	0.00	1.71	9.61	13.09	60.94
1938	9.28	M	15.32	4.22	0.00	0.00	0.00	0.00	0.27	1.78	3.09	2.21	M
1939	6.82	3.19	3.14	0.28	1.20	0.00	0.00	0.00	0.79	0.64	0.58	3.65	20.29
1940	27.73	19.53	12.27	2.35	2.79	0.12	0.00	0.00	0.49	3.30	5.74	17.61	91.93
1941	18.02	17.29	7.69	7.33	1.48	0.65	0.00	0.09	0.00	2.19	6.75	15.91	77.40
1942	11.91	14.19	5.16	7.51	3.47	0.00	0.00	T	0.11	1.34	10.23	10.33	64.25
1943	18.30	3.58	8.35	2.46	0.00	0.06	0.00	0.00	0.00	1.35	2.59	4.19	40.88
1944	9.10	11.78	3.18	3.77	2.22	0.41	0.00	T	0.02	3.72	9.07	8.62	51.89
1945	3.55	10.48	7.37	0.93	2.07	0.00	0.11	0.00	T	4.77	5.65	17.59	52.52
1946	2.68	4.40	3.41	0.79	1.07	0.00	T	0.00	T	0.06	7.15	4.72	24.28
1947	1.15	3.85	7.09	1.07	1.18	2.03	0.00	0.00	0.00	8.53	1.61	2.66	29.17
1948	5.48	2.14	6.06	7.89	0.86	0.00	0.00	0.00	0.26	0.56	2.60	10.96	36.81
1949	4.42	9.29	9.73	0.00	0.15	0.00	0.05	0.00	M	M	3.94	M	M
1950	M	7.92	3.78	1.45	1.07	0.04	0.00	0.00	0.00	5.59	13.08	16.03	M
1951	11.33	5.21	3.72	2.56	1.09	0.00	0.00	0.11	T	3.03	7.67	19.57	54.29
1952	18.58	4.43	8.65	M	1.23	1.53	M	0.00	0.10	0.06	M	24.19	M
1953	11.49	0.04	8.57	6.38	1.40	0.24	T	0.27	0.01	1.31	5.30	0.88	35.89
1954	9.86	5.89	9.81	6.40	0.52	0.20	0.05	0.83	0.01	1.21	6.66	8.36	49.80
1955	6.36	2.75	1.03	5.18	0.06	0.00	0.00	0.00	0.03	0.26	5.24	32.87	53.78
1956	15.75	9.84	0.20	2.01	1.30	0.00	T	0.00	0.15	6.65	0.38	0.58	36.86
1957	M	7.26	4.70	3.05	7.14	T	0.00	0.00	2.32	8.93	1.40	5.26	M
1958	13.83	22.91	6.52	9.17	0.52	0.66	0.07	0.00	0.08	0.10	0.82	3.44	58.12
1959	11.34	11.43	1.47	0.76	0.05	0.00	T	0.01	5.55	0.00	T	2.02	32.63
1960	13.07	11.82	7.34	1.74	2.17	0.00	0.00	0.00	T	0.82	5.12	M	M
1961	M	1.13	7.87	1.62	0.57	T	0.00	0.05	0.21	0.21	6.14	4.52	M
1962	5.18	16.47	8.59	0.59	0.06	T	0.00	0.21	0.28	12.97	1.70	7.34	53.39
1963	8.95	8.31	8.19	8.97	0.73	T	0.00	T	0.13	3.28	9.49	1.49	49.54
1964	7.42	0.27	4.26	0.54	0.67	1.88	T	0.03	0.00	3.83	6.90	15.38	41.18
1965	9.70	2.89	4.00	6.55	0.00	0.00	T	0.63	0.00	T	8.47	6.96	39.20
1966	16.40	6.53	1.33	1.23	0.25	0.16	0.00	0.19	0.11	0.00	14.48	10.12	50.80
1967	26.32	0.71	10.58	7.93	0.27	3.42	0.00	0.00	T	1.07	3.25	7.12	60.67
1968	10.22	7.63	5.01	0.43	0.45	0.00	0.00	0.97	0.00	4.96	6.49	16.15	52.31
1969	20.11	13.26	3.23	2.67	0.08	0.00	0.00	0.00	0.03	5.92	1.68	19.97	66.95
1970	26.83	4.15	2.77	0.19	0.15	0.45	0.00	0.00	0.00	3.94	11.81	17.67	67.96
1971	4.35	0.54	7.47	1.88	0.59	0.00	0.00	0.00	0.46	0.25	3.74	10.23	29.51
1972	3.95	3.99	1.45	4.34	0.03	0.35	0.00	0.00	0.93	8.54	12.41	8.17	44.16
1973	19.60	12.19	5.04	0.06	0.02	0.00	0.00	0.00	0.80	4.51	26.00	8.35	76.57
1974	9.79	4.65	11.49	4.85	0.09	0.10	3.30	0.00	0.00	2.63	1.53	5.21	43.64
1975	3.27	15.99	11.41	4.01	0.06	0.04	0.26	0.02	0.00	5.47	1.56	1.51	43.60
1976	0.33	5.74	2.59	2.69	0.00	T	0.00	1.74	0.91	0.70	3.14	2.77	20.61
1977	4.48	3.05	3.60	0.72	1.88	0.07	T	0.00	2.98	0.91	11.45	11.82	40.96
1978	14.45	8.74	8.05	5.18	0.15	0.00	0.00	0.00	1.83	0.00	4.42	1.21	44.03
1979	14.10	10.49	3.77	1.90	2.43	0.00	0.00	0.00	0.10	5.62	7.42	10.41	56.24
1980	12.55	13.56	2.37	3.69	0.75	0.25	0.06	0.00	0.00	0.28	0.32	4.08	M
1981	11.45	3.53	9.17	0.15	0.50	0.00	0.02	0.00	0.43	4.39	12.40	16.15	58.19
1982	19.79	6.77	12.52	M	0.00	0.06	0.00	0.00	0.80	5.55	17.04	7.23	M
1983	11.36	18.25	22.69	5.35	0.43	0.00	0.00	0.09	0.64	1.32	14.93	19.32	94.38
1984	0.77	3.85	3.66	1.93	0.30	0.43	0.00	0.34	0.05	3.11	19.07	3.80	37.31
1985	1.53	8.77	8.27	0.37	0.00	0.16	0.02	0.00	0.59	1.29	10.08	5.82	36.90
1986	14.22	26.95	13.14	1.29	0.61	0.00	0.03	0.00	1.86	0.10	0.14	2.77	61.11
1987	8.84	9.88	6.47	0.42	0.00	0.00	0.00	0.00	0.00	1.53	7.30	14.40	48.84
1988	8.89	0.60	0.06	3.22	1.45	0.40	0.00	0.03	0.00	0.79	9.70	8.69	33.83
1989	2.55	2.49	14.87	1.13	0.10	0.48	0.00	0.00	2.12	2.33	3.58	0.00	29.65
1990	6.70	4.57	3.84	0.20	8.04	0.00	0.00	0.00	0.09	0.37	1.07	2.30	27.18
1991	1.63	6.40	19.07	1.59	0.14	0.37	0.00	0.00	0.00	4.03	2.14	3.39	38.76
1992	2.22	12.66	5.84	1.75	0.00	2.44	0.00	0.03	0.00	5.61	0.15	14.76	M
1993	23.40	11.21	4.12	1.80	2.04	1.15	0.00	0.00	0.00	1.00	M	M	M
1994	M	7.49	0.46	M	2.21	0.03	0.00	0.00	0.00	0.35	16.25	6.32	M
1995	22.88	0.62	15.16	2.92	2.94	0.60	0.00	0.00	0.00	0.10	0.42	15.43	61.07
1996	15.05	16.13	3.02	4.63	4.57	0.02	0.00	0.00	0.03	1.31	5.62	20.56	70.94
1997	12.52	0.33	1.02	0.60	0.35	0.30	0.01	1.24	0.21	2.80	12.87	5.17	37.42
1998	17.20	23.52	3.15	3.01	4.34	0.00	0.00	0.00	0.01	1.20	10.96	1.91	65.30
1999	5.55	13.33	5.09	3.32	0.06	0.00	0.00	T	0.06	0.01	3.17	0.96	31.55
2000	10.73	16.70	2.65	2.35	1.96	0.05	0.00	0.00	0.01	3.84	M	1.52	M
2001	5.83	8.65	2.03	0.92	0.00	0.45	0.00	0.00	0.12	1.04	10.08	17.71	M
2002	5.06	2.64	4.60	0.54	0.98	0.00	0.00	0.00	0.00	0.00	3.95	24.10	41.87
2003	5.79	3.72	1.82	5.06	2.34	0.00	0.00	0.03	0.01	0.00	3.02	16.49	38.28
2004	6.41	11.21	2.06	1.69	0.10	0.00	0.00	0.00	0.17	4.26	2.96	15.85	44.71
2005	7.02	6.96	8.28	3.31	5.07	1.01	0.00	0.00	0.04	0.50	2.89	28.55	63.63
2006	7.78	4.19	13.54	8.38	0.39	T	0.00	0.00	0.00	0.56	4.57	6.88	46.29
2007	0.35	11.61	0.41	2.70	0.81	0.00	T	0.00	0.08	3.46	0.81	7.86	28.09
2008	17.49	5.72	0.25	0.29	0.02	0.00	0.00	0.00	0.00	1.71	4.63	4.33	34.44
2009	0.76	14.72	3.95	0.82	2.60	0.01	0.00	0.00	0.37	7.95	1.03	5.72	37.93
2010	13.28	9.14	5.81	6.80	1.71	0.00	0.00	0.00	0.00	5.90	4.87	12.46	59.97
2011	2.81	7.31	14.31	M	1.92	2.41	0.00	0.00	0.00	2.54	3.51	0.12	M
2012	8.28	2.32	16.24	2.41	0.21	0.04	0.02	0.00	0.00	2.21	9.92	15.85	57.50
2013	0.99	0.42	0.84	1.30	0.05	1.49	0.00	0.00	0.59	0.00	1.28	0.84	7.80
2014	0.02	16.41	4.49	1.63	0.06	0.00	0.01	0.00	0.42	0.95	4.53	19.80	48.32
2015	T	3.44	0.40	2.19	0.01	0.14	0.08	0.00	0.53	0.01	1.42	7.31	15.53
2016	14.04	1.07	11.48	1.56	0.14	0.00	0.00	0.00	0.00	6.44	5.49	10.54	50.76
2017	22.99	22.36	6.69	5.72	T	0.18	0.00	T	0.13	0.25	6.01	0.02	64.35
2018	8.59	0.28	12.52	4.59	0.00	0.00	0.00	0.00	T	1.76	6.51	3.25	37.50
2019	10.65	20.48	9.03	1.21	5.15	0.00	0.00	T	T	M	2.20	16.73	M
2020	3.34	0.00	2.01	2.03	1.35	0.00	0.00	0.07	0.00	0.00	2.37	3.33	14.50
2021	4.46	1.63	2.74	0.18	T	T	0.00	T	T	20.37	4.25	16.50	50.13
2022	2.97	0.05	0.97	2.31	T	0.32	0.00	T	0.97	0.00	2.03	16.22	25.84
2023	17.48	7.31	16.17	1.76	1.57	0.04	0.00	0.00	0.22	0.76	3.71	10.10	59.12
2024	9.87	10.64	6.62	1.36	M	M	M	M	M	M	M	M	M